0.159678567140673
0.1562217231556481
0.1540794866485744
0.1442338307461087
0.1296131659238303
0.1270885631555503
0.1133770766823009
0.09911075649125115
0.1006864613459618
0.09712871562361317
0.0947808777291206
0.09778221203988947
0.09391406354455815
0.09623552720286163
0.102038252152343
0.09569268745815931
0.09938526488858843
0.1012667917597804
0.09501117378073559
0.0936286474272245
0.09686250551819507
0.09599322712848944
0.09199825507552663
0.09496309101359256
0.1040546105636389
0.1091678529985376
0.1247508206199631
0.1349551037665085
0.1487454248212023
0.1591782891701926
0.1631300275570273
0.1697094958839084
0.1672759673973726
0.1784272622773838
0.1690683655610576
0.1677473670408045
0.1675945142234955
0.165420388422076
0.158925226755209
0.1506705730750944
0.1487195073905983
0.1416304914709947
0.1381124135314786
0.1250208456908455
0.1141170370843594
0.1213260849499638
0.1149034021968204
0.1073910356966947
0.1166889835956707
0.1124038957128273
0.1098799065796204
0.1214806362883449
0.1203091313013712
0.1197619343124991
0.1162284903473252
0.1142939270392509
0.1073346114485254
0.1127798908253263
0.1140082768740317
0.1140737662358229
0.1131721400764265
0.1291058841217408
0.1334508453393707
0.1397312112315422
0.1480683191971018
0.1535001743134407
0.1686666899196649
0.1724507025647205
0.1758188470502315
0.1743967347879053
0.1765655182383581
0.1761489801002481
0.1639882512016024
0.1624686785152461
0.1574072145330593
0.1582799241133086
0.1471205669281977
0.1467569011044818
0.1421029861482522
0.1234767827090634
0.1181827711135833
0.1198597912251832
0.1162177183763836
0.1163087615510783
0.1162700435851232
0.1144578782265749
0.1133032686838161
0.1144260863320268
0.1134737303486284
0.116689660806818
0.1163703082048395
0.1186938202002855
0.1133987547558103
0.1137324287052878
0.1064296552200838
0.1137329571826654
0.115941844760883
0.1253603758492788
0.1310319467114601
0.1477058991147862
0.1519562512723575
0.1613275936295016
0.1660133865280791
0.1716417452006357
0.1720332193625161
0.1734284872146873
0.1690065920776529
0.1647892709420447
0.1656752104199873
0.1575950387305008
0.1537483592445803
0.1506285971138222
0.14863646301014
0.1413530251502721
0.1263789648297904
0.1238386525345455
0.1121985734728383
0.1203096855290832
0.1063063155561844
0.1124400628011991
0.1110976588293391
0.112391146816485
0.1128109010114303
0.1166812741925427
0.1165937426215327
0.1202510085110059
0.1167223402115002
0.1107823690122186
0.1138605075588096
0.1063804334618034
0.1106142087804356
0.1120954365836691
0.1164372311099835
0.1180777625567423
0.1353869908038939
0.1428686144458272
0.152476903246327
0.1608237190689878
0.176619763049966
0.1708376269081032
0.1692895911940764
0.1749074570942362
0.17263248453575
0.1742505423023337
0.1606919883335687
0.1565706664042528
0.1518874475155779
0.1425617501459349
0.1397499084076817
0.1387739604011818
0.1311168585303976
0.1127284047269714
0.1120644052823056
0.1105566963232617
0.111340984888501
0.1056660362512144
0.1125867630761131
0.1145245534984112
0.1128562270662464
0.1134757108944131
0.1114586261147922
0.1142845744004827
0.1118851118203987
0.1018647527674683
0.1109459343624449
0.1069243963258801
0.1020269557804697
0.102861490251706
0.1049909148422505
0.1139796961995733
0.1339060970613647
0.14132184569808
0.1533112757124283
0.159814520458607
0.1653607625457998
0.1689863763370714
0.1719065215757921
0.1702733975355794
0.1671694902856148
0.1632082200184036
0.1557155879566806
0.1557632712847998
0.1472623573361205
0.1420450183500536
0.1389019892072678
0.1190762106837171
0.1217263961581911
0.1161990807540466
0.1123730537379621
0.09884836909713247
0.1055593545323628
0.1034370404463304
0.09184050544976051
0.09419216348921004
0.1098533315881338
0.09857643153812355
0.09548135852943732
0.1021174024059103
0.09360675126947776
0.09837195574688708
0.1012703674168843
0.09193099423151074
0.09917092798008191
0.1028808433715481
0.1041424153008542
0.1101499761303144
0.1267220210495277
0.1258994404582527
0.1442067776976504
0.147450830714128
0.1540582929380567
0.1662404960248196
0.1631965634113733
0.1689665032335376
0.1688959989670791
0.1648442028285619
0.1568795500053483
0.1584148605465841
0.1547691241486794
0.1438840104815453
0.1413241436921623
0.1296532391863054
0.1209422814963566
0.1195487440129077
0.1106742151173739
0.1075157919146502
0.1079334491296215
0.1138224905388796
0.1115952180029495
0.1176042773298885
0.1136588805729833
0.1152900954026785
0.1182013230456947
0.1158712655344875
0.1114652015428577
0.11650630246235
0.1053016784080243
0.1099094791268943
0.1105295926034161
0.109529778097848
0.1121360012735468
0.1224192141695129
0.1284519686966381
0.1368579831580448
0.1535848304512383
0.158937159437974
0.1678980554137023
0.1744017627880471
0.1734434658396847
0.1731805902067894
0.1734645266308391
0.1686133136973
0.1721038476005991
0.1682010394546666
0.1634205639476042
0.1674967696905102
0.146946420247608
0.1425778404964226
0.1364451764152421
0.1380879798055009
0.1228695472080761
0.1206763007899619
0.1176261276976474
0.1149927197239673
0.1170201203961754
0.1158820358851471
0.1195194573488381
0.1167476141809145
0.111968041436045
0.1159086779008244
0.1077573471425684
0.1103843493738688
0.1170215245280628
0.1109962756952736
0.1082543000222697
0.1047111544099217
0.1048698272662181
0.1207141355602757
0.1351421579176338
0.1377254981939142
0.1526941170368077
0.1561843133055825
0.1651452994666321
0.1697131808785072
0.168720307857857
0.1688898697086367
0.1717271962739721
0.1703996076383644
0.1583654163725531
0.1553409021788753
0.1564478733556462
0.142597346370858
0.1482164447412354
0.1343835148524047
0.1270397667409443
0.1250522594088167
0.1172700245988013
0.1064726903100911
0.1015225571581728
0.1048151701052083
0.1096300822446825
0.1132832502120183
0.1126334966683344
0.1054477416974667
0.1123266133789607
0.1087061212322859
0.1069909392374268
0.1090080337862266
0.1083052082365032
0.1069550662286209
0.101393564310302
0.1069141916528209
0.1119978997125686
0.1160753109985886
0.1279918748749736
0.1375936632218372
0.1555357480246785
0.1590518150188771
0.1675271720461991
0.1749124959980109
0.1727593781570572
0.1750100039375798
0.1708859026551355
0.1647786507741083
0.1633981066274722
0.1595725861518004
0.1555364372375517
0.148648847816528
0.1455032351620343
0.1353850501557534
0.1275501273107393
0.1288768706849766
0.1149213205502136
0.1180571188303046
0.1164518811218385
0.1157883740864096
0.1152205164042006
0.105575073421024
0.1162695815712031
0.1091602649683221
0.1113903450088338
0.1168898136677995
0.1065816192415619
0.1101627554339286
0.1069405847821388
0.110446577855059
0.1040410517287892
0.105474031260983
0.1211069298456215
0.1121695419550481
0.1241887945234043
0.1346307040663101
0.1423633979608164
0.156951065514067
0.1680492082561142
0.1744109543388404
0.1691143893446201
0.1679344039647149
0.1666893153802113
0.163136879405539
